0 5 6
1 2 6
2 2 4
3 1 4
4 1 5
5 5 5
6 2 4
7 0 4
8 1 2
9 0 2
10 1 2
11 0 2
12 4 6
13 3 6
14 10 13
15 7 13
16 5 10
17 2 10
18 2 5
19 2 5
20 6 9
21 3 9
22 5 9
23 6 9
24 7 7
25 2 7
26 5 6
27 1 6
28 0 2
29 0 2
30 1 2
31 0 2
32 1 6
33 2 6
34 0 4
35 0 4
36 0 2
37 0 2
38 0 1
39 0 1
40 0 2
41 0 2
42 0 4
43 4 4
44 0 1
45 1 1
46 0 4
47 0 4
48 0 4
49 2 4
50 0 3
51 1 3
52 1 2
53 0 2
54 1 3
55 1 3
56 0 2
57 0 2
58 7 10
59 0 10
60 1 6
61 0 6
62 0 4
63 0 4
64 1 2
65 0 2
66 1 2
67 0 2
68 0 4
69 0 4
70 0 2
71 0 2
72 0 2
73 0 2
74 8 8
75 7 8
76 7 10
77 7 10
78 2 6
79 2 6
80 2 3
81 1 3
82 0 1
83 1 1
84 4 6
85 1 6
86 10 16
87 6 16
88 2 3
89 1 3
90 5 14
91 8 14
92 11 11
93 0 11
94 0 14
95 0 14
96 1 3
97 1 3
98 6 10
99 7 10
100 2 3
101 1 3
102 1 4
103 0 4
104 1 2
105 0 2
106 0 2
107 0 2
108 1 2
109 2 2
110 3 5
111 4 5
112 0 1
113 1 1
114 0 1
115 0 1
116 1 4
117 3 4
118 1 3
119 2 3
120 1 3
121 0 3
122 1 3
123 0 3
124 0 1
125 0 1
126 0 3
127 0 3
128 1 2
129 1 2
130 1 2
131 0 2
132 0 2
133 1 2
134 1 2
135 0 2
136 0 3
137 1 3
138 0 1
139 0 1
140 2 10
141 3 10
142 0 2
143 0 2
144 0 4
145 0 4
146 3 10
147 2 10
148 1 3
149 0 3
150 1 3
151 0 3
152 0 4
153 0 4
154 0 1
155 0 1
156 0 1
157 0 1
158 0 1
159 0 1
160 1 3
161 0 3
162 0 1
163 0 1
164 0 2
165 0 2
166 1 2
167 0 2
168 1 6
169 1 6
