0 6 6
1 3 6
2 2 4
3 0 4
4 2 5
5 5 5
6 3 4
7 1 4
8 1 2
9 0 2
10 0 2
11 1 2
12 4 6
13 1 6
14 11 13
15 9 13
16 4 10
17 0 10
18 3 5
19 1 5
20 8 9
21 3 9
22 7 9
23 6 9
24 6 7
25 1 7
26 6 6
27 1 6
28 2 2
29 1 2
30 0 2
31 0 2
32 1 6
33 1 6
34 0 4
35 0 4
36 1 2
37 0 2
38 0 1
39 0 1
40 0 2
41 0 2
42 1 4
43 2 4
44 1 1
45 1 1
46 2 4
47 0 4
48 0 4
49 2 4
50 0 3
51 3 3
52 1 2
53 2 2
54 0 3
55 1 3
56 0 2
57 0 2
58 7 10
59 0 10
60 1 6
61 0 6
62 0 4
63 0 4
64 0 2
65 0 2
66 1 2
67 0 2
68 1 4
69 0 4
70 1 2
71 0 2
72 1 2
73 0 2
74 8 8
75 5 8
76 6 10
77 6 10
78 3 6
79 0 6
80 2 3
81 1 3
82 1 1
83 0 1
84 4 6
85 2 6
86 10 16
87 7 16
88 1 3
89 1 3
90 1 14
91 9 14
92 9 11
93 0 11
94 0 14
95 0 14
96 2 3
97 1 3
98 8 10
99 8 10
100 2 3
101 2 3
102 1 4
103 0 4
104 0 2
105 1 2
106 1 2
107 1 2
108 0 2
109 2 2
110 3 5
111 4 5
112 0 1
113 1 1
114 0 1
115 0 1
116 1 4
117 2 4
118 1 3
119 1 3
120 1 3
121 1 3
122 1 3
123 0 3
124 1 1
125 1 1
126 0 3
127 0 3
128 1 2
129 0 2
130 1 2
131 0 2
132 0 2
133 0 2
134 0 2
135 1 2
136 1 3
137 2 3
138 0 1
139 0 1
140 1 10
141 4 10
142 0 2
143 0 2
144 0 4
145 0 4
146 7 10
147 3 10
148 1 3
149 0 3
150 0 3
151 0 3
152 1 4
153 0 4
154 0 1
155 0 1
156 0 1
157 0 1
158 0 1
159 0 1
160 0 3
161 0 3
162 0 1
163 0 1
164 1 2
165 0 2
166 0 2
167 2 2
168 1 6
169 2 6
