0 6 6
1 3 6
2 2 4
3 2 4
4 1 5
5 5 5
6 3 4
7 0 4
8 1 2
9 0 2
10 0 2
11 0 2
12 4 6
13 2 6
14 10 13
15 10 13
16 3 10
17 0 10
18 2 5
19 3 5
20 8 9
21 3 9
22 7 9
23 6 9
24 7 7
25 1 7
26 6 6
27 0 6
28 2 2
29 0 2
30 1 2
31 0 2
32 1 6
33 0 6
34 0 4
35 0 4
36 0 2
37 1 2
38 0 1
39 0 1
40 0 2
41 0 2
42 2 4
43 1 4
44 1 1
45 1 1
46 2 4
47 0 4
48 2 4
49 0 4
50 0 3
51 2 3
52 0 2
53 1 2
54 1 3
55 2 3
56 0 2
57 0 2
58 6 10
59 0 10
60 1 6
61 0 6
62 1 4
63 0 4
64 1 2
65 0 2
66 0 2
67 0 2
68 2 4
69 0 4
70 0 2
71 0 2
72 0 2
73 0 2
74 7 8
75 5 8
76 7 10
77 8 10
78 5 6
79 1 6
80 1 3
81 1 3
82 0 1
83 1 1
84 4 6
85 2 6
86 10 16
87 8 16
88 1 3
89 1 3
90 1 14
91 10 14
92 9 11
93 0 11
94 0 14
95 0 14
96 3 3
97 0 3
98 7 10
99 7 10
100 1 3
101 0 3
102 1 4
103 2 4
104 0 2
105 0 2
106 1 2
107 0 2
108 0 2
109 2 2
110 3 5
111 4 5
112 1 1
113 1 1
114 0 1
115 0 1
116 1 4
117 2 4
118 0 3
119 1 3
120 1 3
121 1 3
122 1 3
123 1 3
124 1 1
125 0 1
126 0 3
127 0 3
128 1 2
129 1 2
130 1 2
131 0 2
132 1 2
133 1 2
134 1 2
135 1 2
136 0 3
137 2 3
138 0 1
139 0 1
140 1 10
141 5 10
142 0 2
143 0 2
144 1 4
145 0 4
146 8 10
147 3 10
148 0 3
149 0 3
150 1 3
151 0 3
152 0 4
153 0 4
154 1 1
155 0 1
156 0 1
157 0 1
158 0 1
159 0 1
160 0 3
161 0 3
162 0 1
163 0 1
164 0 2
165 0 2
166 0 2
167 2 2
168 1 6
169 3 6
