0 6 6
1 1 6
2 2 4
3 2 4
4 1 5
5 5 5
6 3 4
7 1 4
8 1 2
9 0 2
10 1 2
11 0 2
12 3 6
13 3 6
14 9 13
15 12 13
16 3 10
17 0 10
18 2 5
19 2 5
20 7 9
21 2 9
22 6 9
23 6 9
24 7 7
25 1 7
26 5 6
27 3 6
28 1 2
29 0 2
30 2 2
31 1 2
32 2 6
33 1 6
34 0 4
35 0 4
36 1 2
37 0 2
38 0 1
39 0 1
40 0 2
41 0 2
42 3 4
43 2 4
44 0 1
45 0 1
46 4 4
47 1 4
48 2 4
49 1 4
50 1 3
51 3 3
52 0 2
53 2 2
54 1 3
55 2 3
56 0 2
57 0 2
58 6 10
59 0 10
60 1 6
61 0 6
62 1 4
63 0 4
64 0 2
65 0 2
66 1 2
67 0 2
68 1 4
69 0 4
70 0 2
71 0 2
72 0 2
73 0 2
74 8 8
75 7 8
76 9 10
77 6 10
78 6 6
79 1 6
80 0 3
81 0 3
82 0 1
83 0 1
84 3 6
85 1 6
86 10 16
87 8 16
88 2 3
89 2 3
90 2 14
91 10 14
92 11 11
93 0 11
94 0 14
95 0 14
96 0 3
97 1 3
98 6 10
99 6 10
100 0 3
101 0 3
102 2 4
103 1 4
104 1 2
105 0 2
106 1 2
107 0 2
108 0 2
109 2 2
110 3 5
111 4 5
112 1 1
113 1 1
114 0 1
115 0 1
116 1 4
117 2 4
118 1 3
119 1 3
120 2 3
121 2 3
122 0 3
123 1 3
124 1 1
125 0 1
126 0 3
127 0 3
128 1 2
129 1 2
130 1 2
131 0 2
132 1 2
133 1 2
134 0 2
135 0 2
136 1 3
137 1 3
138 0 1
139 0 1
140 1 10
141 4 10
142 1 2
143 0 2
144 1 4
145 0 4
146 7 10
147 1 10
148 0 3
149 0 3
150 0 3
151 0 3
152 0 4
153 0 4
154 0 1
155 0 1
156 0 1
157 0 1
158 0 1
159 0 1
160 1 3
161 0 3
162 0 1
163 0 1
164 0 2
165 0 2
166 1 2
167 2 2
168 0 6
169 4 6
