0 5 6
1 1 6
2 2 4
3 2 4
4 2 5
5 5 5
6 3 4
7 1 4
8 1 2
9 1 2
10 1 2
11 1 2
12 3 6
13 2 6
14 9 13
15 13 13
16 3 10
17 0 10
18 2 5
19 1 5
20 7 9
21 2 9
22 5 9
23 7 9
24 7 7
25 1 7
26 6 6
27 3 6
28 1 2
29 1 2
30 1 2
31 1 2
32 1 6
33 1 6
34 0 4
35 0 4
36 1 2
37 0 2
38 0 1
39 0 1
40 0 2
41 0 2
42 2 4
43 3 4
44 0 1
45 0 1
46 4 4
47 0 4
48 1 4
49 0 4
50 0 3
51 3 3
52 1 2
53 2 2
54 0 3
55 3 3
56 0 2
57 0 2
58 6 10
59 0 10
60 0 6
61 0 6
62 2 4
63 0 4
64 1 2
65 0 2
66 0 2
67 0 2
68 0 4
69 0 4
70 0 2
71 0 2
72 0 2
73 0 2
74 8 8
75 6 8
76 9 10
77 7 10
78 6 6
79 1 6
80 0 3
81 1 3
82 0 1
83 0 1
84 3 6
85 2 6
86 10 16
87 7 16
88 2 3
89 1 3
90 2 14
91 11 14
92 11 11
93 0 11
94 0 14
95 0 14
96 1 3
97 1 3
98 6 10
99 6 10
100 1 3
101 0 3
102 2 4
103 0 4
104 1 2
105 1 2
106 0 2
107 0 2
108 0 2
109 2 2
110 3 5
111 4 5
112 0 1
113 1 1
114 0 1
115 0 1
116 2 4
117 2 4
118 1 3
119 1 3
120 2 3
121 2 3
122 1 3
123 0 3
124 0 1
125 0 1
126 1 3
127 1 3
128 0 2
129 1 2
130 0 2
131 0 2
132 2 2
133 1 2
134 1 2
135 0 2
136 0 3
137 1 3
138 0 1
139 0 1
140 2 10
141 3 10
142 1 2
143 0 2
144 1 4
145 0 4
146 8 10
147 1 10
148 1 3
149 0 3
150 0 3
151 0 3
152 0 4
153 0 4
154 0 1
155 0 1
156 0 1
157 0 1
158 0 1
159 0 1
160 1 3
161 0 3
162 0 1
163 0 1
164 0 2
165 0 2
166 0 2
167 2 2
168 1 6
169 5 6
