264675697 9854.3272 53584.401300000005
54592271 9857.267399999999 53586.651699999995
318442491 9857.4003 53588.4196
2056502759 9859.2855 53587.647099999995
264675659 9858.0822 53589.07030000001
318431167 9857.8447 53585.7068
1192675259 9857.867499999998 53585.0078
318426069 9860.372800000001 53584.8217
28961245 9861.223300000001 53587.9345
264715953 9856.7609 53587.769
28886882 9867.3155 53588.2065
41053335 9854.151899999999 53590.1947
265110958 9855.6825 53587.3289
54592293 9858.4203 53586.275
1912860551 9860.641899999999 53585.4309
28886887 9866.850100000001 53586.268500000006
1185830888 9858.551800000001 53586.5183
274098293 9857.7429 53585.616799999996
264675671 9856.2508 53587.353299999995
318442555 9857.1229 53589.415
318426059 9861.8385 53585.069599999995
1416091729 9862.3986 53584.9008
367002256 9857.7736 53588.7796
1912860554 9859.3767 53585.968
318617836 9856.6559 53587.6697
264675683 9854.164 53587.2922
318426071 9860.6295 53585.0506
264715939 9856.129599999998 53587.33
318431166 9858.1692 53586.001099999994
266406141 9858.5628 53584.6137
1192675046 9855.4134 53585.075899999996
54592315 9859.6346 53585.8259
54592458 9859.6561 53587.9672
1199902440 9855.9193 53587.3295
1416091569 9863.6106 53590.8205
54592528 9861.7301 53589.1245
54592536 9863.457999999999 53587.2678
1199902448 9857.187899999999 53586.544
323234929 9861.5759 53588.6731
264675689 9853.3757 53585.5174
266406137 9857.3287 53585.2214
272000428 9857.5325 53586.5494
264962629 9863.1934 53584.5923
264675692 9854.307999999999 53585.0679
316952077 9853.9666 53585.1939
264715954 9856.8243 53587.834299999995
315528401 9853.538999999999 53586.5225
54592284 9857.6833 53586.511399999996
323234853 9861.7102 53589.0086
264960436 9864.152900000001 53585.0891
2056434806 9858.7683 53586.9652
54592574 9864.9898 53586.8117
54592566 9865.6961 53588.5947
264675850 9858.7624 53588.787500000006
367002262 9856.8616 53587.880900000004
318426064 9860.0753 53584.5424
323234878 9861.505599999999 53588.4669
266623659 9859.2804 53588.6002
266406146 9857.6519 53585.0941
1201357997 9862.0203 53585.0132
450870061 9861.047900000001 53587.9898
264675852 9858.9921 53587.3762
264962628 9858.259900000001 53584.18060000001
315528407 9856.498500000002 53585.0809
1185830811 9858.6571 53586.7469
311168568 9855.3227 53587.3304
318442348 9856.742900000001 53587.749899999995
316952040 9854.6419 53585.072400000005
365365392 9856.7161 53585.0812
267781173 9853.3889 53586.2246
1416091604 9862.931 53589.0859
266623658 9862.322900000001 53587.5993
264962620 9860.9285 53585.342500000006
54592541 9864.093499999999 53588.9608
54592508 9860.049500000001 53588.3222
28961248 9862.408300000001 53591.1247
315528402 9853.733 53586.8672
323234858 9860.453599999999 53588.1951
