0 9854.3272 53584.401300000005
1 9864.093499999999 53588.9608
2 9856.8243 53587.834299999995
3 9855.6825 53587.3289
4 9856.8616 53587.880900000004
5 9857.1229 53589.415
6 9859.2855 53587.647099999995
7 9858.1692 53586.001099999994
8 9867.3155 53588.2065
9 9863.1934 53584.5923
10 9861.8385 53585.069599999995
11 9853.733 53586.8672
12 9861.5759 53588.6731
13 9858.7683 53586.9652
14 9856.742900000001 53587.749899999995
15 9853.538999999999 53586.5225
16 9858.4203 53586.275
17 9858.9921 53587.3762
18 9862.3986 53584.9008
19 9857.4003 53588.4196
20 9853.9666 53585.1939
21 9863.457999999999 53587.2678
22 9856.129599999998 53587.33
23 9863.6106 53590.8205
24 9862.408300000001 53591.1247
25 9859.3767 53585.968
26 9857.6519 53585.0941
27 9862.931 53589.0859
28 9854.151899999999 53590.1947
29 9862.322900000001 53587.5993
30 9858.551800000001 53586.5183
31 9857.8447 53585.7068
32 9864.9898 53586.8117
33 9861.505599999999 53588.4669
34 9859.6561 53587.9672
35 9856.6559 53587.6697
36 9855.9193 53587.3295
37 9856.7161 53585.0812
38 9861.047900000001 53587.9898
39 9854.164 53587.2922
40 9857.187899999999 53586.544
41 9853.3757 53585.5174
42 9857.5325 53586.5494
43 9855.3227 53587.3304
44 9865.6961 53588.5947
45 9859.2804 53588.6002
46 9858.259900000001 53584.18060000001
47 9858.0822 53589.07030000001
48 9853.3889 53586.2246
49 9857.3287 53585.2214
50 9856.7609 53587.769
51 9861.7301 53589.1245
52 9854.6419 53585.072400000005
53 9857.867499999998 53585.0078
54 9864.152900000001 53585.0891
55 9857.7429 53585.616799999996
56 9860.453599999999 53588.1951
57 9862.0203 53585.0132
58 9856.498500000002 53585.0809
59 9860.372800000001 53584.8217
60 9859.6346 53585.8259
61 9861.7102 53589.0086
62 9860.049500000001 53588.3222
63 9860.641899999999 53585.4309
64 9856.2508 53587.353299999995
65 9858.6571 53586.7469
66 9857.6833 53586.511399999996
67 9860.9285 53585.342500000006
68 9861.223300000001 53587.9345
69 9860.0753 53584.5424
70 9854.307999999999 53585.0679
71 9855.4134 53585.075899999996
72 9860.6295 53585.0506
73 9857.7736 53588.7796
74 9858.7624 53588.787500000006
75 9857.267399999999 53586.651699999995
76 9866.850100000001 53586.268500000006
77 9858.5628 53584.6137
