318442555 264675659 
267781173 264675689 
323234858 450870061 
264675852 2056502759 
264675692 316952040 
318426059 264962620 
318442491 367002262 
54592574 28886887 
1192675259 266406141 
28961248 54592528 
1199902440 265110958 
316952040 1192675046 
266406137 274098293 
264962620 266623658 
264675671 264715939 
318431167 318431166 
54592284 54592293 
1416091729 1201357997 
266623658 54592536 
264675683 315528402 
265110958 311168568 
2056502759 54592458 
318426069 318426064 
264715953 318442348 
315528402 315528401 
264675689 316952077 
272000428 54592284 
272000428 1199902448 
54592536 1416091729 
54592315 28961245 
323234853 323234929 
318426071 318426069 
54592271 272000428 
1185830811 2056434806 
54592293 1912860554 
266406137 266406146 
264715954 264715953 
323234878 28961245 
54592541 54592536 
54592458 54592508 
54592536 54592574 
1912860554 54592315 
1192675046 315528407 
41053335 318442555 
1199902448 54592271 
365365392 266406137 
54592293 1185830888 
1416091604 54592541 
318426064 264962628 
266406141 264962628 
274098293 318431167 
1416091569 1416091604 
315528401 267781173 
54592574 264960436 
264715939 1199902440 
311168568 264675683 
264962620 318426071 
2056434806 264675852 
318442348 318617836 
450870061 28961245 
316952077 264675692 
54592566 28886882 
264675659 264675850 
54592541 54592566 
264962620 1912860551 
315528407 365365392 
54592566 54592574 
54592528 323234853 
28961245 266623658 
1185830888 1185830811 
318617836 264675671 
1912860551 54592315 
318431166 54592293 
264962629 1416091729 
323234929 323234878 
264675850 266623659 
1201357997 318426059 
54592528 1416091604 
54592508 323234858 
367002262 264715954 
367002256 318442491 
264675659 367002256 
264675692 264675697 
266406146 1192675259 
266623659 54592508 
