0 0 6
1 2 6
2 2 4
3 0 4
4 0 5
5 1 5
6 3 4
7 1 4
8 1 2
9 1 2
10 1 2
11 1 2
12 3 6
13 1 6
14 9 13
15 9 13
16 4 10
17 0 10
18 3 5
19 2 5
20 7 9
21 3 9
22 2 9
23 5 9
24 2 7
25 2 7
26 6 6
27 0 6
28 1 2
29 0 2
30 1 2
31 1 2
32 1 6
33 2 6
34 0 4
35 0 4
36 0 2
37 0 2
38 0 1
39 0 1
40 0 2
41 0 2
42 3 4
43 2 4
44 1 1
45 0 1
46 1 4
47 2 4
48 2 4
49 1 4
50 0 3
51 1 3
52 1 2
53 1 2
54 0 3
55 1 3
56 0 2
57 0 2
58 6 10
59 0 10
60 0 6
61 0 6
62 2 4
63 0 4
64 0 2
65 0 2
66 0 2
67 0 2
68 0 4
69 0 4
70 1 2
71 0 2
72 0 2
73 0 2
74 6 8
75 7 8
76 6 10
77 6 10
78 4 6
79 2 6
80 2 3
81 1 3
82 1 1
83 0 1
84 3 6
85 0 6
86 10 16
87 3 16
88 1 3
89 1 3
90 3 14
91 5 14
92 7 11
93 0 11
94 0 14
95 0 14
96 1 3
97 0 3
98 6 10
99 6 10
100 0 3
101 0 3
102 3 4
103 0 4
104 1 2
105 1 2
106 0 2
107 0 2
108 1 2
109 2 2
110 2 5
111 4 5
112 0 1
113 0 1
114 0 1
115 0 1
116 0 4
117 2 4
118 0 3
119 0 3
120 1 3
121 2 3
122 1 3
123 0 3
124 0 1
125 0 1
126 0 3
127 1 3
128 0 2
129 0 2
130 1 2
131 0 2
132 0 2
133 0 2
134 1 2
135 0 2
136 1 3
137 0 3
138 0 1
139 0 1
140 2 10
141 4 10
142 0 2
143 0 2
144 0 4
145 0 4
146 7 10
147 1 10
148 0 3
149 0 3
150 0 3
151 0 3
152 0 4
153 0 4
154 0 1
155 0 1
156 0 1
157 0 1
158 0 1
159 0 1
160 0 3
161 0 3
162 0 1
163 0 1
164 0 2
165 0 2
166 0 2
167 0 2
168 0 6
169 1 6
